0.0	530.9	324.2	293.5	276.0	264.5	247.6	218.6	206.1	0.0	519.9	313.3	285.7	271.0	257.5	241.9	240.1	208.1	0.0	511.0	320.0	288.5	272.7	256.5	238.1	221.1	194.5	0.0	509.1	303.9	271.0	255.3	258.1	242.9	227.5	197.1	0.0	523.1	308.3	279.9	297.5	281.6	264.3	247.5	216.8	0.0	552.3	329.6	334.3	305.3	285.6	267.9	257.4	225.8	0.0	537.7	529.5	311.0	277.5	264.0	252.4	236.7	204.3	0.0	
0.0	533.0	324.8	293.5	277.3	265.1	249.0	219.6	206.0	0.0	521.9	312.7	285.8	269.8	257.3	240.8	241.6	207.8	0.0	515.5	323.1	291.8	274.8	257.8	238.9	221.0	193.4	0.0	508.6	304.9	270.3	256.1	260.0	246.0	229.8	200.4	0.0	524.1	307.8	282.5	297.9	279.9	262.9	246.3	216.4	0.0	550.8	328.5	333.4	305.5	286.0	268.9	257.6	226.5	0.0	539.1	527.7	309.1	277.1	263.2	254.6	236.3	203.4	0.0	
0.0	534.7	324.5	294.8	279.1	265.8	250.4	219.8	207.1	0.0	520.7	313.0	286.0	270.7	256.4	239.3	239.2	205.4	0.0	512.9	321.7	289.4	273.4	255.9	236.9	220.5	192.6	0.0	508.9	304.6	269.6	255.2	257.8	244.3	227.9	198.3	0.0	524.7	307.8	279.9	297.1	281.3	265.0	247.2	216.5	0.0	551.3	329.5	335.2	306.0	287.2	270.8	257.4	226.7	0.0	541.5	526.7	310.3	276.8	261.0	253.2	234.0	203.8	0.0	
0.0	536.5	325.9	296.0	280.4	267.8	250.6	221.1	206.5	0.0	518.1	312.8	285.6	270.1	254.2	240.7	237.8	204.8	0.0	512.7	319.7	287.5	274.5	256.2	235.9	220.1	191.2	0.0	507.6	302.9	270.3	254.3	256.9	242.6	226.0	195.9	0.0	521.4	307.1	277.7	293.7	279.3	262.6	244.4	212.6	0.0	548.4	327.0	334.6	305.4	286.2	268.2	256.8	227.8	0.0	540.0	526.7	311.3	277.1	261.9	252.8	233.5	203.4	0.0	
0.0	535.9	324.5	296.4	280.4	265.6	249.2	220.4	205.3	0.0	515.9	311.3	284.4	267.7	251.1	239.1	237.4	203.9	0.0	511.2	320.2	289.4	273.5	256.1	236.9	221.3	192.7	0.0	508.7	303.5	272.2	255.0	256.5	242.4	225.7	197.5	0.0	521.3	307.9	277.7	299.3	283.3	267.6	249.3	218.4	0.0	555.2	332.4	334.9	305.2	284.7	267.6	216.1	225.4	0.0	539.9	525.3	310.0	275.6	258.0	250.1	232.6	200.1	0.0	
0.0	533.6	323.8	295.9	280.3	265.6	249.4	219.2	204.4	0.0	515.4	310.4	282.7	267.8	251.0	239.4	235.1	204.0	0.0	512.5	321.7	289.6	273.7	255.2	235.4	221.1	192.6	0.0	507.9	301.3	270.6	255.1	257.7	241.9	227.3	198.2	0.0	522.6	308.8	277.9	299.5	282.4	267.9	249.5	219.0	0.0	553.7	333.6	335.0	303.9	284.8	266.6	221.8	223.5	0.0	537.3	529.8	312.5	276.2	260.1	251.0	235.7	202.0	0.0	
0.0	532.3	323.5	294.3	280.0	265.3	248.1	217.6	206.4	0.0	516.4	313.0	284.3	269.1	254.1	240.6	232.9	202.6	0.0	510.1	319.5	287.4	271.0	253.7	236.5	219.9	191.9	0.0	508.4	301.9	270.4	255.2	260.6	245.0	230.7	200.9	0.0	525.8	310.9	282.3	301.4	284.0	271.1	252.0	220.9	0.0	557.5	335.5	333.8	302.0	285.6	266.4	228.8	222.8	0.0	537.3	528.4	311.9	276.0	261.1	249.4	233.8	202.1	0.0	
0.0	532.9	323.1	293.9	278.5	265.3	248.4	218.0	209.6	0.0	522.8	317.6	289.7	273.2	259.0	243.4	232.5	201.9	0.0	509.2	318.1	285.6	268.0	254.1	235.6	218.2	190.1	0.0	506.7	299.6	268.1	254.4	260.8	245.1	230.4	201.5	0.0	525.3	308.9	281.8	299.6	281.6	268.6	249.0	220.1	0.0	555.8	334.9	335.5	303.9	287.3	266.9	234.3	224.5	0.0	539.1	525.2	308.6	275.5	260.1	246.9	230.6	199.4	0.0	
0.0	531.7	322.3	293.3	277.6	263.7	246.8	217.7	212.1	0.0	525.7	320.0	292.2	275.0	260.9	244.7	233.3	202.2	0.0	509.5	318.3	286.5	270.3	254.4	234.3	216.7	189.5	0.0	503.2	298.7	266.0	253.0	260.9	245.1	230.3	202.3	0.0	528.0	310.5	281.5	299.4	282.0	266.8	248.5	220.0	0.0	555.5	333.7	335.7	303.4	286.4	267.1	237.7	225.8	0.0	538.9	524.1	310.1	276.9	260.3	249.2	232.1	200.9	0.0	
0.0	529.8	321.4	291.6	276.4	261.5	245.7	216.7	210.8	0.0	523.2	319.1	291.6	274.7	260.8	242.5	231.3	200.7	0.0	506.2	315.5	286.1	268.6	251.8	237.5	219.9	190.6	0.0	508.4	304.2	270.7	257.1	261.8	245.9	230.1	201.8	0.0	528.2	310.1	281.6	297.2	279.0	264.7	247.0	217.1	0.0	551.7	332.3	333.5	302.6	285.6	267.1	238.0	225.0	0.0	535.4	527.5	312.4	279.7	261.1	250.9	234.0	202.1	0.0	
0.0	526.6	320.6	291.6	276.2	260.3	246.5	215.4	210.9	0.0	522.4	319.3	291.3	273.2	259.3	240.7	232.9	200.9	0.0	508.2	315.5	286.8	269.9	252.7	237.0	222.1	191.4	0.0	508.4	306.2	271.1	257.1	260.2	246.2	230.1	199.4	0.0	525.7	309.6	280.4	296.4	277.2	263.4	245.5	215.8	0.0	551.1	329.5	332.9	301.4	284.8	267.3	241.4	223.0	0.0	534.0	525.0	311.2	276.8	259.8	248.6	232.5	200.7	0.0	
0.0	529.3	323.9	294.3	276.8	262.2	247.5	214.8	208.7	0.0	520.4	318.2	288.4	272.1	257.9	240.1	233.2	200.0	0.0	507.9	316.3	286.1	268.5	252.3	237.2	221.5	190.8	0.0	506.7	304.4	270.1	256.8	257.1	244.6	228.8	198.2	0.0	523.1	307.4	278.5	298.3	279.8	265.0	246.7	217.5	0.0	551.8	331.5	332.2	301.5	284.4	267.6	246.1	223.8	0.0	535.9	525.4	311.5	277.3	259.9	249.3	234.0	200.7	0.0	
0.0	530.1	322.2	293.3	277.2	263.4	247.2	214.0	208.1	0.0	520.4	318.6	289.1	274.2	257.8	238.8	233.1	199.7	0.0	507.6	315.3	286.6	267.5	251.1	235.8	220.3	188.5	0.0	506.0	301.3	267.0	255.3	257.9	246.9	229.2	200.4	0.0	524.7	308.8	279.3	297.7	279.1	264.3	246.5	218.0	0.0	551.7	330.4	332.2	301.8	284.7	266.6	246.9	225.6	0.0	534.0	524.2	311.1	277.1	258.4	247.1	232.8	199.5	0.0	
0.0	526.4	320.2	292.0	275.0	262.7	245.8	211.5	208.8	0.0	520.1	318.3	289.9	273.8	258.1	240.4	231.7	199.8	0.0	504.3	312.9	285.5	265.3	250.0	232.1	217.0	186.8	0.0	500.2	297.1	264.8	252.7	258.8	247.7	230.6	199.6	0.0	525.0	309.3	279.3	296.9	277.3	262.6	246.1	215.9	0.0	549.4	329.3	329.9	301.2	283.0	265.2	247.0	223.7	0.0	530.9	524.8	310.3	276.8	259.7	248.8	232.8	200.7	0.0	
0.0	525.1	319.8	291.0	273.6	260.8	245.7	211.6	209.0	0.0	522.7	318.0	291.2	273.5	258.1	241.3	231.1	199.0	0.0	504.4	310.6	285.1	264.3	251.5	232.4	218.3	187.3	0.0	498.8	295.9	266.2	251.4	259.4	248.0	230.5	199.3	0.0	524.6	308.1	280.4	297.7	277.8	263.0	246.1	215.3	0.0	553.4	330.3	332.0	302.8	284.0	268.6	250.4	225.7	0.0	535.0	522.0	306.0	276.3	258.9	246.8	230.9	200.0	0.0	
0.0	562.5	366.8	332.6	311.5	299.5	274.3	235.4	199.4	0.0	505.2	314.4	282.6	272.9	254.8	242.4	210.3	190.4	0.0	484.9	303.6	275.9	257.1	247.7	221.7	207.9	177.3	0.0	481.1	285.9	256.8	241.6	251.5	233.6	219.8	190.0	0.0	509.6	298.6	273.4	284.0	266.1	251.8	235.9	204.6	0.0	532.5	321.8	322.7	282.8	264.7	250.9	237.2	209.2	0.0	519.5	558.2	321.1	279.6	255.8	242.9	223.2	187.7	0.0	
0.0	567.1	369.0	335.3	313.7	301.8	276.3	239.2	201.4	0.0	506.0	316.1	285.3	275.2	257.2	243.4	214.5	192.0	0.0	489.5	307.3	278.2	259.6	251.0	224.3	208.7	178.6	0.0	481.1	289.0	257.2	243.8	261.2	242.0	229.1	201.2	0.0	518.3	307.4	283.9	285.5	266.2	251.9	236.1	205.4	0.0	533.1	321.8	322.6	283.2	264.2	249.2	237.6	209.4	0.0	519.7	558.8	322.9	282.3	257.0	244.0	224.4	189.0	0.0	
0.0	569.4	368.6	335.3	313.7	301.9	275.3	239.6	201.5	0.0	503.0	316.0	285.2	274.9	257.7	241.8	219.6	194.5	0.0	490.9	308.0	280.1	262.3	252.9	224.2	209.6	178.3	0.0	483.4	290.8	260.4	245.0	260.0	239.6	227.1	200.8	0.0	516.9	306.1	283.0	288.5	268.6	253.5	239.1	207.8	0.0	534.3	323.2	321.0	280.8	262.6	247.8	236.3	208.8	0.0	518.0	559.1	323.3	281.9	258.0	243.9	226.3	191.2	0.0	
0.0	571.9	370.6	336.9	316.2	302.4	277.0	240.3	200.7	0.0	502.0	316.9	286.4	276.0	257.9	241.7	222.0	196.3	0.0	493.0	309.6	282.5	263.4	253.5	222.3	205.5	174.2	0.0	477.6	287.7	255.8	242.2	256.1	237.7	225.5	198.6	0.0	513.3	301.8	280.4	290.5	271.1	256.5	241.4	208.3	0.0	536.7	324.0	321.7	281.5	262.1	248.0	234.9	209.2	0.0	518.1	555.6	321.2	280.2	257.4	242.6	223.6	190.6	0.0	
0.0	569.9	370.3	337.5	316.5	303.8	277.6	239.9	198.2	0.0	500.8	314.6	283.3	274.6	257.2	241.8	223.8	198.2	0.0	494.4	308.4	284.2	263.7	253.5	222.5	205.9	175.4	0.0	479.9	287.0	257.0	242.4	255.5	237.2	225.3	196.5	0.0	513.0	302.7	280.3	291.4	271.1	256.4	240.3	208.9	0.0	538.8	323.7	326.5	282.7	264.4	248.9	237.4	211.4	0.0	522.4	556.4	322.5	281.0	257.3	242.1	225.3	190.8	0.0	
0.0	573.5	372.5	340.0	319.6	306.7	279.2	241.3	199.6	0.0	503.7	313.2	286.3	274.7	257.7	243.3	224.2	197.6	0.0	494.3	309.2	282.5	263.3	251.8	220.5	205.9	174.2	0.0	477.7	285.2	254.8	240.0	253.3	235.6	222.3	194.0	0.0	509.6	299.9	275.1	295.8	272.9	257.7	243.0	210.9	0.0	541.9	326.7	326.4	280.7	264.2	250.9	237.0	211.5	0.0	521.6	557.5	323.5	281.2	258.1	241.9	224.3	190.5	0.0	
0.0	574.1	372.8	339.2	321.3	308.6	281.0	240.7	198.5	0.0	503.4	311.3	285.5	274.0	258.0	243.9	224.9	198.2	0.0	494.0	310.3	282.3	262.4	252.2	218.8	206.3	173.5	0.0	476.0	285.8	254.6	239.7	254.4	236.3	223.5	194.8	0.0	513.4	301.6	274.9	296.9	272.5	258.3	245.0	212.0	0.0	542.2	328.6	324.6	282.0	264.1	252.2	238.5	210.9	0.0	521.4	560.0	325.9	282.1	259.6	243.7	225.9	192.1	0.0	
0.0	573.0	371.6	338.3	320.1	308.0	280.2	240.9	198.4	0.0	503.3	310.8	285.8	273.2	258.0	243.3	225.0	197.7	0.0	491.8	309.4	281.2	260.8	251.6	221.6	206.2	174.5	0.0	478.2	287.5	255.8	241.2	251.5	235.6	222.5	193.7	0.0	510.2	299.5	273.6	294.2	271.1	255.7	242.5	209.7	0.0	539.5	325.6	321.7	280.0	262.5	248.5	236.3	208.4	0.0	517.6	563.2	328.1	284.7	261.9	243.7	228.4	193.0	0.0	
0.0	578.1	374.2	340.5	322.3	309.9	281.8	242.6	199.0	0.0	502.9	310.2	286.0	273.8	257.6	242.6	222.8	194.7	0.0	488.8	306.4	280.4	259.3	249.0	223.8	208.3	177.4	0.0	481.6	288.9	256.5	242.1	252.9	237.8	223.0	196.1	0.0	512.3	301.7	275.8	294.2	272.3	255.5	240.4	208.1	0.0	538.7	325.3	323.8	280.0	264.6	249.8	237.1	210.3	0.0	518.7	558.2	324.0	281.4	258.2	240.6	224.2	190.2	0.0	
0.0	572.9	372.2	338.8	319.3	306.7	279.6	239.9	199.9	0.0	503.2	310.9	285.7	272.6	258.8	242.7	220.9	192.6	0.0	483.3	303.7	277.4	257.5	246.4	223.8	207.9	178.7	0.0	480.1	288.3	257.2	243.3	252.5	238.5	222.8	195.6	0.0	510.5	299.4	275.1	292.0	272.2	253.9	238.9	206.2	0.0	538.0	324.2	322.0	279.6	263.4	248.5	236.0	210.0	0.0	517.1	559.4	324.8	283.2	260.3	241.7	225.9	191.7	0.0	
0.0	574.9	370.8	339.8	320.4	306.9	279.3	238.6	202.3	0.0	506.9	316.4	289.6	275.0	262.3	245.2	220.4	192.0	0.0	482.9	303.1	277.8	257.1	246.0	222.5	206.6	177.4	0.0	480.0	286.9	256.9	243.3	253.7	239.6	224.8	196.7	0.0	514.3	302.2	274.7	290.8	272.4	252.5	237.3	205.5	0.0	537.6	325.2	322.4	279.1	263.2	250.3	237.2	210.4	0.0	518.2	560.9	323.9	283.3	259.9	243.3	225.7	193.2	0.0	
0.0	574.3	371.8	339.6	320.6	307.5	279.0	237.7	202.7	0.0	505.0	314.7	287.0	273.8	259.9	244.3	220.9	192.1	0.0	484.8	303.4	279.3	258.4	245.8	222.2	207.3	178.4	0.0	482.3	288.2	258.7	243.2	255.2	239.7	223.9	197.7	0.0	516.6	303.2	277.4	289.5	271.4	253.2	235.6	205.8	0.0	537.2	324.4	321.0	278.3	263.7	249.4	236.3	210.5	0.0	518.5	565.1	326.7	285.7	261.4	245.4	227.3	194.0	0.0	
0.0	568.7	369.0	339.1	320.0	305.9	278.4	234.7	202.3	0.0	506.5	314.2	287.5	274.4	260.2	245.3	225.0	194.5	0.0	488.5	306.0	280.7	261.6	248.6	222.2	207.4	179.2	0.0	478.8	288.3	256.6	242.7	254.4	239.3	223.2	196.5	0.0	512.2	301.4	276.0	291.6	271.7	254.2	237.7	207.0	0.0	539.6	327.3	321.9	277.0	263.9	249.6	237.0	211.3	0.0	518.4	563.7	326.7	285.1	260.4	245.5	227.0	194.8	0.0	
0.0	567.2	368.2	340.1	321.1	304.2	277.9	236.2	202.4	0.0	506.2	315.5	288.7	274.0	260.3	245.4	223.8	192.5	0.0	487.0	303.9	278.3	259.9	247.3	222.9	208.7	181.2	0.0	480.2	291.2	259.1	243.9	252.1	236.0	221.8	193.6	0.0	509.6	300.0	275.2	294.1	273.7	257.8	238.8	208.8	0.0	542.7	328.9	323.7	278.6	264.3	249.2	238.0	211.4	0.0	519.9	558.1	323.7	282.4	258.2	242.5	224.1	194.3	0.0	
0.0	564.6	367.9	339.6	320.6	302.8	277.8	236.6	199.0	0.0	504.5	313.2	287.1	271.0	258.7	243.1	225.3	196.5	0.0	490.5	307.4	280.4	262.5	249.3	221.8	209.1	179.7	0.0	478.7	291.1	259.3	242.1	252.0	234.8	221.3	191.7	0.0	506.8	300.2	273.2	290.3	269.0	255.7	237.3	206.6	0.0	534.7	323.8	327.4	282.7	265.5	251.0	238.8	212.8	0.0	523.8	558.1	322.1	282.6	258.9	242.1	223.6	194.2	0.0	
0.0	542.3	332.2	287.7	268.8	254.7	234.8	203.8	212.7	0.0	534.7	342.8	312.6	294.3	276.0	253.9	231.7	189.3	0.0	487.6	308.5	280.8	268.3	252.8	231.0	210.0	178.6	0.0	489.6	293.0	261.6	250.7	252.3	236.3	216.9	191.2	0.0	511.4	296.0	268.0	293.4	273.4	252.2	239.0	210.2	0.0	535.8	327.0	324.1	294.9	272.0	256.8	241.7	214.8	0.0	522.1	511.1	307.6	264.0	242.5	233.5	221.2	189.5	0.0	
0.0	546.8	335.4	289.8	273.1	258.8	237.0	206.4	210.4	0.0	531.0	340.3	311.1	292.3	273.7	251.6	234.0	190.5	0.0	493.4	312.5	284.7	269.1	254.3	234.0	211.3	181.2	0.0	492.7	295.0	263.9	252.1	253.1	238.1	217.9	192.2	0.0	511.8	297.6	268.6	294.4	274.6	253.4	240.3	211.6	0.0	537.1	327.0	324.9	295.9	272.7	256.8	243.1	214.9	0.0	522.2	514.1	310.2	266.0	244.9	236.2	223.6	191.0	0.0	
0.0	553.9	339.7	294.5	274.4	261.9	240.9	209.3	209.8	0.0	528.7	339.6	309.1	292.4	272.9	250.9	234.4	189.9	0.0	490.7	310.4	284.1	267.1	253.4	231.8	209.2	178.7	0.0	486.7	293.0	260.5	248.6	250.9	235.6	216.4	190.9	0.0	508.7	296.0	266.2	295.0	276.4	255.0	242.3	213.0	0.0	540.2	327.5	323.6	293.5	268.7	256.5	241.4	214.0	0.0	518.8	513.5	309.6	266.4	245.0	236.9	223.3	190.9	0.0	
0.0	555.6	341.2	296.3	277.2	262.4	241.7	209.7	207.1	0.0	525.4	336.2	307.3	290.3	270.8	248.2	233.2	191.6	0.0	488.7	311.3	283.3	266.6	254.5	229.7	208.3	179.5	0.0	486.3	292.6	260.6	247.9	254.0	238.3	220.1	192.7	0.0	512.3	299.5	269.1	294.1	275.4	256.2	241.9	213.3	0.0	539.3	326.6	320.9	290.1	266.2	254.6	239.6	211.7	0.0	516.2	514.4	309.4	267.3	246.5	238.5	224.2	192.0	0.0	
0.0	556.7	343.2	298.8	277.6	262.6	242.2	212.7	205.8	0.0	525.3	336.4	309.0	289.7	272.2	249.2	236.7	195.1	0.0	494.3	314.4	285.8	269.9	256.2	228.9	208.4	179.3	0.0	484.4	291.7	259.4	248.1	254.3	237.9	220.8	194.1	0.0	512.2	300.6	271.6	296.1	278.1	258.7	242.9	212.4	0.0	541.1	328.5	321.2	291.1	267.3	254.4	241.2	213.1	0.0	516.1	510.7	308.4	264.7	244.3	235.4	221.4	190.6	0.0	
0.0	555.3	342.6	298.3	277.6	261.8	242.5	212.2	206.6	0.0	525.9	336.0	308.0	288.6	271.4	249.6	236.1	192.6	0.0	491.9	312.1	286.1	268.5	254.2	229.1	208.4	178.7	0.0	484.3	289.9	259.8	248.1	252.2	237.7	218.1	193.0	0.0	512.7	299.4	269.3	296.1	277.6	257.9	244.6	212.4	0.0	540.9	327.7	320.2	289.2	265.8	253.6	241.3	212.8	0.0	516.1	511.8	308.3	264.4	244.1	234.7	220.1	191.9	0.0	
0.0	548.0	339.8	294.0	273.6	259.9	240.6	210.7	206.5	0.0	527.6	336.7	309.1	289.2	270.7	251.5	236.2	193.5	0.0	495.5	313.0	289.0	271.2	254.8	231.3	209.9	179.8	0.0	487.8	292.3	261.2	249.6	255.9	240.3	220.4	194.7	0.0	517.0	303.3	272.5	295.3	278.3	257.2	243.9	212.8	0.0	540.0	327.6	321.1	290.3	267.8	256.3	241.7	214.7	0.0	519.4	513.0	309.8	265.9	245.7	236.3	220.4	192.8	0.0	
0.0	551.1	341.5	294.2	274.9	261.6	240.6	210.6	206.4	0.0	526.6	337.3	309.8	291.0	270.3	252.3	235.5	192.0	0.0	493.5	311.4	287.9	268.7	253.2	231.1	209.2	179.8	0.0	485.4	292.2	262.7	248.9	257.1	240.7	220.5	197.3	0.0	518.9	302.8	274.1	292.6	276.4	254.8	241.9	210.4	0.0	535.0	324.7	319.8	289.0	267.0	253.5	239.3	212.3	0.0	516.8	516.4	310.6	266.7	246.6	237.9	220.8	192.6	0.0	
0.0	548.8	338.2	292.3	273.6	259.9	239.0	209.9	206.1	0.0	527.4	336.8	307.8	289.4	271.8	252.0	233.2	191.0	0.0	489.6	309.2	284.0	265.3	250.9	233.3	211.8	181.7	0.0	489.6	295.9	264.7	250.8	256.2	239.6	220.0	194.9	0.0	516.3	300.1	271.7	293.6	275.7	253.6	242.0	210.6	0.0	535.0	325.2	317.4	287.9	264.7	253.0	239.3	209.9	0.0	515.6	518.3	313.5	269.7	248.9	239.5	223.2	193.7	0.0	
0.0	552.1	339.4	294.8	276.0	261.7	240.0	210.9	206.9	0.0	526.7	336.8	307.4	289.5	271.2	250.6	232.1	192.7	0.0	490.4	309.0	284.8	265.2	252.2	234.4	211.6	182.3	0.0	490.3	294.5	264.5	249.7	256.4	240.9	221.4	194.9	0.0	517.7	300.9	273.0	294.2	276.2	254.9	243.4	210.2	0.0	537.3	326.1	319.1	290.4	266.4	254.8	238.3	210.4	0.0	515.2	515.7	310.9	267.3	247.7	236.9	222.4	192.6	0.0	
0.0	554.2	340.5	295.9	276.7	262.2	241.3	212.4	207.8	0.0	528.7	337.9	308.8	291.9	272.9	251.4	230.3	190.4	0.0	488.4	308.3	282.9	264.0	251.0	232.4	209.8	178.6	0.0	485.7	291.8	261.4	245.5	254.6	239.1	220.4	193.8	0.0	515.7	299.4	271.7	294.5	276.5	256.2	244.1	210.9	0.0	538.9	327.6	322.9	292.8	269.1	255.6	239.1	211.5	0.0	518.2	514.3	310.8	266.7	248.3	236.6	222.6	191.2	0.0	
0.0	551.7	337.9	292.1	274.6	260.1	238.0	211.6	207.8	0.0	530.4	338.6	309.4	292.5	274.1	250.4	231.9	193.3	0.0	491.5	312.5	285.6	265.9	251.6	231.4	209.2	177.6	0.0	485.9	291.4	260.6	244.2	256.7	241.2	222.7	195.0	0.0	517.7	302.1	274.0	295.8	278.1	257.2	243.3	210.1	0.0	539.1	326.0	320.9	290.6	269.6	253.5	237.7	210.3	0.0	516.2	513.5	310.0	267.5	248.0	234.4	221.3	191.9	0.0	
0.0	552.7	340.2	293.8	277.3	261.2	238.9	212.3	209.2	0.0	529.3	338.2	309.0	292.7	274.5	248.9	231.8	193.5	0.0	491.2	312.6	285.3	267.3	252.4	229.2	207.0	174.7	0.0	482.0	289.3	257.6	242.8	258.3	241.1	223.3	195.6	0.0	518.7	304.3	275.2	296.0	278.6	257.8	244.4	209.1	0.0	540.2	327.6	321.7	290.7	269.8	254.5	238.4	211.1	0.0	516.6	511.2	309.4	266.8	247.1	234.4	220.0	191.7	0.0	
0.0	552.7	338.7	292.8	275.0	261.1	238.1	211.9	209.1	0.0	530.3	338.0	310.0	293.1	275.0	250.1	230.1	189.8	0.0	489.6	309.7	285.1	266.3	249.6	230.1	209.2	177.6	0.0	483.6	292.4	258.6	244.8	257.2	240.7	223.0	193.9	0.0	519.0	302.4	272.3	295.1	276.9	256.5	243.7	209.3	0.0	537.4	327.5	322.2	289.6	270.7	253.1	238.8	211.2	0.0	516.2	513.2	309.0	267.3	247.2	234.9	220.9	191.5	0.0	
0.0	551.0	336.3	292.7	270.4	259.4	234.7	210.5	210.0	0.0	533.0	340.8	309.6	293.7	275.0	251.9	232.3	192.5	0.0	494.0	312.4	288.0	268.6	252.5	233.5	210.2	178.5	0.0	485.3	295.0	260.5	246.3	256.9	240.8	223.4	193.7	0.0	517.7	302.2	272.8	295.7	277.0	258.5	243.5	210.4	0.0	538.4	328.2	322.8	289.9	270.6	252.3	238.5	210.9	0.0	516.6	512.5	309.0	267.3	246.5	234.1	218.5	191.6	0.0	
0.0	518.3	319.9	273.9	259.7	246.8	233.1	201.7	194.9	0.0	562.8	328.4	288.9	266.3	248.4	232.1	273.0	230.6	0.0	543.7	367.8	336.8	312.1	294.9	237.2	222.6	178.6	0.0	492.7	299.9	269.8	251.9	256.0	242.0	220.5	190.8	0.0	508.8	298.4	271.7	295.7	280.1	260.5	243.2	209.6	0.0	536.7	326.9	319.5	293.4	271.4	253.9	241.9	211.6	0.0	517.2	504.9	302.6	269.4	247.3	228.7	222.6	193.5	0.0	
0.0	517.6	320.2	273.9	257.4	245.7	231.1	202.8	196.4	0.0	567.0	330.5	291.8	268.7	251.3	233.3	274.2	230.6	0.0	545.9	369.0	337.4	315.4	296.7	237.2	221.3	178.4	0.0	492.8	299.0	267.6	250.0	257.9	243.6	221.9	192.7	0.0	512.0	301.8	274.1	295.4	280.3	261.8	243.3	211.3	0.0	540.0	328.8	320.4	294.9	273.9	256.5	243.8	213.9	0.0	519.6	505.7	301.8	269.1	248.4	230.5	221.5	193.5	0.0	
0.0	520.5	320.6	274.8	259.1	247.3	231.2	203.7	197.4	0.0	564.3	330.7	291.3	268.7	252.5	234.6	272.1	230.1	0.0	541.6	365.8	334.9	313.4	295.4	234.6	219.3	178.2	0.0	491.2	299.4	268.8	250.0	259.1	244.9	224.3	193.2	0.0	515.7	303.9	275.8	296.8	280.5	262.5	243.5	211.8	0.0	540.4	330.2	321.3	294.6	275.6	259.2	245.4	216.4	0.0	521.1	503.5	300.7	269.2	247.4	229.6	220.2	193.9	0.0	
0.0	520.2	321.1	274.7	260.7	247.6	231.8	204.8	197.3	0.0	564.4	331.7	290.9	268.3	252.4	232.3	272.2	228.6	0.0	538.4	364.6	333.8	313.3	294.9	234.2	219.1	176.7	0.0	488.9	299.6	267.7	249.6	258.8	244.9	224.6	192.5	0.0	516.5	303.2	275.4	293.5	277.1	261.1	242.9	210.0	0.0	538.0	329.0	321.3	294.2	274.3	256.8	243.5	216.1	0.0	520.2	507.2	303.5	269.9	248.9	232.8	223.4	195.0	0.0	
0.0	520.7	319.7	273.9	260.5	246.8	229.6	204.7	196.4	0.0	561.4	329.2	288.1	267.5	249.9	231.4	272.0	227.8	0.0	539.4	366.9	331.7	314.7	295.5	234.1	218.8	176.9	0.0	487.3	296.7	267.1	249.9	258.8	245.0	225.0	194.4	0.0	518.9	303.8	276.0	293.7	278.6	261.7	242.8	211.3	0.0	540.2	327.8	323.7	297.1	275.8	257.2	243.7	217.4	0.0	522.8	506.1	302.2	269.9	248.3	233.0	222.7	193.9	0.0	
0.0	520.3	319.0	273.7	259.2	247.6	230.8	206.5	194.4	0.0	559.6	329.0	287.6	266.4	250.2	230.2	275.6	228.7	0.0	544.1	369.0	334.6	317.3	297.4	235.5	219.6	177.0	0.0	488.1	297.9	266.4	251.5	259.5	246.4	226.2	193.7	0.0	519.0	304.1	277.8	294.3	278.6	263.0	242.8	213.7	0.0	539.4	327.3	323.3	295.2	273.9	256.2	242.2	215.3	0.0	521.5	507.3	302.8	270.2	248.6	233.5	223.9	193.9	0.0	
0.0	520.6	319.4	273.0	261.4	249.2	233.0	207.8	192.4	0.0	558.3	326.9	287.3	265.4	250.4	229.4	273.8	227.9	0.0	541.0	366.0	331.5	314.1	295.2	235.2	219.8	177.4	0.0	487.6	297.0	266.2	250.8	260.4	246.7	225.7	194.8	0.0	519.0	304.9	279.1	292.1	277.4	262.6	239.1	211.5	0.0	535.8	325.1	319.4	290.7	270.6	252.8	239.5	212.3	0.0	515.8	504.0	300.3	267.9	246.2	232.9	221.8	191.4	0.0	
0.0	521.7	318.0	272.9	262.3	248.2	231.7	207.3	189.8	0.0	555.6	326.2	285.4	263.0	248.3	228.3	274.5	228.0	0.0	539.1	364.2	331.5	312.9	295.2	237.3	221.5	177.4	0.0	489.1	297.8	267.0	253.4	260.6	246.3	224.4	192.9	0.0	518.2	304.0	276.3	292.6	278.2	262.7	237.9	210.5	0.0	537.4	326.0	321.9	293.6	272.0	255.7	241.7	213.9	0.0	520.2	508.9	303.7	268.7	249.3	235.5	224.5	192.9	0.0	
0.0	518.3	316.7	272.1	260.4	246.9	231.7	207.6	190.9	0.0	553.3	325.3	284.6	262.4	247.7	227.1	274.9	227.1	0.0	539.7	364.3	332.0	313.9	294.3	237.7	221.0	179.0	0.0	490.4	296.8	265.7	253.6	258.1	243.0	222.2	191.4	0.0	515.5	302.6	274.8	289.6	275.7	260.8	236.0	207.5	0.0	533.1	323.8	323.9	294.5	270.9	256.3	243.6	214.7	0.0	520.9	506.2	302.0	268.2	248.3	235.4	222.5	192.4	0.0	
0.0	518.0	315.5	272.2	261.0	246.2	232.7	207.1	192.4	0.0	554.6	324.8	283.3	262.2	245.5	227.4	275.9	229.1	0.0	542.7	365.7	334.0	315.0	295.9	239.7	222.6	180.2	0.0	493.6	298.2	268.1	254.9	257.2	241.6	222.7	191.0	0.0	515.0	301.9	274.0	291.5	276.5	261.1	237.5	206.9	0.0	535.3	323.9	325.7	295.4	273.1	259.0	245.3	215.8	0.0	522.8	506.4	301.0	267.8	248.9	236.2	220.6	191.2	0.0	
0.0	520.5	318.8	275.8	264.2	246.5	235.7	208.0	193.3	0.0	556.6	326.9	284.1	262.6	246.9	228.9	274.9	228.7	0.0	540.6	364.1	332.7	312.1	295.0	238.8	221.0	181.4	0.0	493.2	298.3	270.0	255.6	256.8	242.2	224.1	190.2	0.0	514.6	302.2	274.2	293.8	279.6	263.9	240.5	209.0	0.0	541.4	328.8	328.6	296.8	275.0	261.0	244.6	217.3	0.0	526.8	505.3	301.7	268.3	249.2	235.8	220.5	190.0	0.0	
0.0	519.8	317.6	275.0	262.8	246.7	235.4	208.8	192.7	0.0	556.5	326.2	281.9	261.0	245.8	228.6	277.1	230.3	0.0	545.2	368.1	333.8	313.6	298.1	239.2	220.6	180.6	0.0	492.3	295.6	267.5	253.2	256.2	243.1	223.3	190.9	0.0	515.8	302.5	274.7	293.4	278.4	259.9	241.3	209.1	0.0	539.3	326.9	325.7	295.8	273.2	259.1	242.4	216.1	0.0	522.7	506.2	301.0	267.8	249.7	236.4	218.5	191.1	0.0	
0.0	522.3	318.0	274.8	263.6	245.8	236.5	208.2	193.7	0.0	556.9	325.9	283.0	261.9	245.6	228.3	275.7	230.7	0.0	544.2	368.6	332.4	313.7	298.3	242.6	222.6	182.8	0.0	497.4	299.6	269.9	253.5	257.6	243.3	221.9	192.2	0.0	515.5	302.1	274.1	295.8	281.4	262.0	241.9	211.7	0.0	543.1	329.8	325.6	295.8	274.7	260.4	244.2	217.4	0.0	521.8	504.6	299.3	265.8	247.9	235.7	218.1	189.2	0.0	
0.0	518.4	315.4	271.6	259.7	243.6	232.2	204.7	193.9	0.0	556.4	325.4	282.4	262.0	245.4	229.3	270.5	227.9	0.0	537.8	364.1	329.5	310.3	293.7	241.6	222.8	181.7	0.0	498.2	301.1	271.7	254.6	258.5	245.0	223.8	193.2	0.0	516.6	304.0	274.2	295.2	280.5	260.3	243.1	211.8	0.0	542.2	329.4	322.3	292.9	274.2	257.6	242.1	215.0	0.0	516.6	503.2	299.0	265.7	246.2	234.8	217.7	189.3	0.0	
0.0	521.7	320.0	273.0	261.2	246.2	232.5	207.8	193.2	0.0	557.4	325.2	282.7	260.4	245.4	229.2	271.3	227.9	0.0	539.5	363.6	330.9	312.6	294.0	242.3	222.9	181.8	0.0	497.2	301.1	271.2	255.0	257.3	244.0	221.7	190.4	0.0	513.7	301.5	273.6	295.8	278.7	259.7	243.9	212.4	0.0	540.7	327.4	322.2	294.3	274.6	258.7	242.2	215.7	0.0	517.8	503.0	300.2	265.8	247.6	234.9	218.2	190.1	0.0	
0.0	518.9	310.9	284.8	269.7	250.6	233.9	204.8	193.2	0.0	494.6	298.7	276.7	260.3	240.6	226.0	222.0	192.1	0.0	486.1	309.1	276.8	251.2	238.7	220.2	206.2	178.5	0.0	490.6	297.1	251.3	235.8	260.3	240.8	223.4	190.1	0.0	544.7	323.6	283.5	323.9	305.6	288.5	267.7	222.4	0.0	565.1	356.4	326.6	298.7	283.5	270.7	250.8	212.6	0.0	522.7	504.9	300.1	271.4	255.4	242.0	222.3	189.7	0.0	
0.0	520.8	314.2	286.8	273.0	253.8	236.4	207.2	195.9	0.0	496.0	299.9	277.1	260.5	240.3	228.2	220.8	189.4	0.0	484.9	306.1	274.8	250.6	237.9	220.2	206.6	179.3	0.0	489.6	296.8	250.3	235.0	261.2	239.2	222.0	190.5	0.0	542.3	321.2	283.5	322.3	305.2	288.2	267.6	222.5	0.0	564.3	356.9	326.1	298.4	284.3	269.6	249.5	213.1	0.0	521.8	506.7	302.0	273.8	258.2	244.4	224.1	191.6	0.0	
0.0	517.3	313.0	286.4	270.1	252.0	235.8	205.3	197.0	0.0	496.8	300.2	278.1	260.1	243.3	229.5	224.2	192.5	0.0	487.5	308.8	276.7	251.9	241.3	222.1	207.7	178.6	0.0	490.6	298.4	251.7	234.6	259.8	238.9	221.9	190.5	0.0	543.4	321.9	282.7	325.4	307.4	289.2	268.7	223.3	0.0	568.5	359.4	326.4	299.9	283.8	271.3	251.5	214.2	0.0	524.4	509.6	303.8	274.5	260.6	245.2	225.4	192.7	0.0	
0.0	519.6	316.0	287.2	272.3	254.1	238.5	205.9	197.5	0.0	499.0	301.3	277.3	260.9	241.7	229.5	227.1	195.0	0.0	493.9	311.5	279.9	254.4	243.7	222.5	209.5	180.2	0.0	491.5	300.6	254.5	235.3	261.2	240.4	222.7	192.1	0.0	546.2	323.2	284.4	326.1	308.9	292.2	269.9	225.1	0.0	571.0	361.4	327.2	300.7	284.1	270.6	250.7	213.9	0.0	523.9	509.5	302.6	273.3	259.3	245.0	224.0	192.0	0.0	
0.0	519.0	316.5	288.6	272.7	255.3	239.4	207.7	196.1	0.0	498.0	303.8	276.5	260.0	241.0	229.8	225.2	194.8	0.0	492.7	310.4	279.2	254.4	243.2	219.9	206.0	178.7	0.0	486.8	295.4	250.8	232.9	259.1	239.5	222.7	191.4	0.0	544.2	321.6	283.5	325.5	307.8	291.9	269.6	224.0	0.0	569.5	361.9	323.8	298.0	282.5	268.8	248.3	212.6	0.0	521.2	507.6	300.9	272.4	258.0	244.3	223.0	191.7	0.0	
0.0	518.1	315.5	287.3	272.0	255.2	237.9	207.9	195.7	0.0	496.2	302.2	275.2	260.8	240.8	228.9	223.1	193.6	0.0	488.2	307.2	276.7	253.0	242.0	218.2	202.7	176.9	0.0	484.6	292.7	247.4	230.7	258.0	240.8	222.4	192.8	0.0	542.8	321.6	281.5	328.0	308.8	293.0	270.3	226.2	0.0	571.7	362.5	324.9	297.8	281.7	267.7	247.7	212.3	0.0	521.2	505.5	298.4	270.6	255.9	242.6	221.8	190.1	0.0	
0.0	517.1	315.7	285.5	272.2	255.9	237.5	206.4	196.2	0.0	497.5	304.0	276.3	261.2	240.1	229.2	224.2	193.2	0.0	491.3	309.1	277.2	256.2	244.7	221.3	206.5	179.9	0.0	489.7	296.6	250.5	235.9	259.4	241.0	222.5	193.7	0.0	544.1	322.6	281.7	329.9	311.0	293.5	271.3	227.1	0.0	572.9	363.4	323.4	297.3	281.8	266.9	248.3	212.1	0.0	520.1	501.7	296.5	269.4	254.1	240.9	221.5	188.3	0.0	
0.0	515.1	315.7	284.0	271.6	254.8	237.5	206.1	196.6	0.0	498.3	303.7	276.3	262.0	240.6	229.7	224.6	194.1	0.0	492.6	310.8	278.8	256.9	245.3	222.2	206.0	180.1	0.0	488.1	295.7	252.4	235.8	258.5	238.4	220.7	191.3	0.0	540.9	320.1	281.3	327.6	308.6	289.7	269.6	225.2	0.0	571.8	362.0	322.1	295.6	281.0	265.0	247.8	210.5	0.0	519.6	495.7	293.5	266.0	250.7	235.8	219.6	184.5	0.0	
0.0	516.6	318.2	286.5	270.5	253.9	238.2	208.0	193.8	0.0	495.6	300.8	273.5	259.0	238.5	228.3	223.8	194.8	0.0	489.1	308.5	276.9	257.0	243.8	222.9	208.2	181.7	0.0	495.3	300.2	254.9	238.4	226.6	241.3	223.0	193.1	0.0	544.5	321.8	283.2	329.0	309.9	292.0	272.1	226.5	0.0	575.0	363.8	322.8	296.6	282.2	264.6	248.4	211.4	0.0	520.8	496.6	293.6	267.1	251.0	236.5	219.3	184.9	0.0	
0.0	519.8	318.5	286.1	271.2	254.9	239.6	208.9	193.3	0.0	496.2	301.8	275.1	259.5	237.4	228.8	225.0	194.0	0.0	489.2	307.6	276.8	256.5	244.0	224.0	209.0	183.2	0.0	496.1	301.4	255.3	238.7	232.3	241.1	222.2	191.3	0.0	540.7	320.4	282.5	329.8	308.1	291.8	272.4	226.2	0.0	571.8	363.6	324.4	297.8	284.2	266.3	251.9	212.3	0.0	522.5	499.8	295.0	269.4	251.6	238.6	222.5	186.8	0.0	
0.0	520.1	319.7	288.1	271.6	254.9	238.8	209.0	193.7	0.0	495.2	302.2	275.9	258.1	239.4	228.8	224.3	195.2	0.0	489.7	307.9	277.4	255.3	242.4	220.2	204.6	180.2	0.0	490.7	297.8	252.0	234.4	235.9	239.6	219.6	189.6	0.0	538.0	317.2	280.3	328.7	308.6	293.1	272.3	226.5	0.0	574.1	362.7	326.5	297.8	285.7	267.2	252.7	213.6	0.0	523.6	501.3	297.7	271.5	253.1	239.3	223.6	188.6	0.0	
0.0	521.1	320.2	287.9	272.5	254.8	238.0	209.0	193.9	0.0	496.5	302.8	278.2	260.0	241.0	228.6	224.0	194.0	0.0	491.9	310.4	278.5	256.4	244.7	219.8	206.0	179.7	0.0	491.7	298.5	254.4	234.7	238.0	238.1	220.1	187.3	0.0	535.8	316.1	279.1	329.9	310.0	294.4	273.6	226.2	0.0	577.8	364.2	325.5	297.9	285.0	265.7	251.5	213.6	0.0	523.2	497.0	294.3	268.5	251.5	237.8	221.4	186.8	0.0	
0.0	517.9	317.2	288.2	273.7	255.2	237.9	209.8	192.8	0.0	496.8	303.6	277.6	259.6	241.7	225.5	220.3	191.0	0.0	487.0	306.3	275.0	251.7	242.3	220.0	206.9	180.9	0.0	493.1	297.7	255.3	235.4	241.0	239.0	220.7	187.8	0.0	535.5	315.9	279.3	330.9	311.2	294.9	273.6	226.8	0.0	577.6	363.4	325.7	299.3	285.2	266.0	251.1	214.0	0.0	522.3	499.3	296.7	270.4	251.9	238.0	221.6	187.0	0.0	
0.0	516.4	318.5	288.9	273.4	256.0	237.1	209.8	196.4	0.0	499.1	304.9	279.3	260.1	242.4	228.2	219.2	188.6	0.0	484.0	305.0	273.7	250.6	241.3	218.8	206.7	180.9	0.0	491.7	295.8	253.5	234.0	244.1	239.7	220.2	186.0	0.0	537.4	315.9	278.7	328.9	310.6	292.6	272.4	225.1	0.0	575.1	362.7	326.0	299.4	285.4	266.0	250.4	213.0	0.0	523.4	500.4	298.8	270.5	252.3	239.4	221.1	188.0	0.0	
0.0	513.8	316.6	286.6	270.3	254.0	234.7	208.4	196.1	0.0	495.7	304.3	278.7	260.1	239.8	227.1	220.5	190.4	0.0	484.8	304.4	273.8	251.3	241.5	217.8	205.8	180.0	0.0	490.2	295.3	254.4	233.3	245.6	238.3	219.8	186.9	0.0	537.1	317.9	279.4	328.6	310.5	293.0	270.2	225.3	0.0	574.8	363.0	324.8	297.8	282.9	264.0	250.2	212.4	0.0	520.3	503.6	300.5	271.9	253.1	239.5	222.3	188.1	0.0	
0.0	514.4	314.4	286.0	274.1	261.0	236.9	207.2	193.1	0.0	491.6	298.7	273.0	257.4	240.4	222.5	217.5	188.9	0.0	486.3	301.8	274.3	253.0	239.0	225.3	211.4	185.2	0.0	493.8	297.6	264.1	244.3	246.0	233.3	218.5	190.1	0.0	512.7	303.5	268.5	298.9	282.4	264.2	246.2	209.6	0.0	557.2	345.4	337.8	307.6	290.5	271.5	249.8	215.8	0.0	531.8	499.7	299.1	267.9	256.0	240.8	222.7	184.2	0.0	
0.0	511.9	315.0	286.7	273.0	258.4	235.3	206.2	193.2	0.0	492.9	298.5	272.9	258.8	240.6	224.8	219.8	189.5	0.0	487.7	303.6	275.6	252.8	239.9	226.0	212.1	184.6	0.0	494.1	297.4	264.4	245.2	247.4	236.3	220.3	192.1	0.0	513.8	305.9	269.7	300.7	282.2	265.2	246.6	208.6	0.0	557.3	344.5	340.1	309.8	292.9	274.6	252.0	217.4	0.0	536.7	502.5	302.0	270.0	256.5	242.2	224.3	186.8	0.0	
0.0	512.1	316.5	288.7	272.4	257.5	234.6	206.0	194.9	0.0	493.8	300.3	272.6	257.4	241.9	224.7	221.4	191.2	0.0	488.4	305.2	276.3	254.3	240.2	226.1	212.4	186.4	0.0	495.8	299.9	265.9	247.9	250.2	236.4	220.4	192.2	0.0	515.7	306.2	271.0	302.7	284.3	265.5	248.7	209.1	0.0	560.3	345.3	341.3	309.9	290.7	274.4	252.0	217.1	0.0	536.7	503.2	302.8	271.0	255.5	243.0	225.0	186.7	0.0	
0.0	516.6	318.9	288.2	272.5	259.0	234.9	207.1	195.2	0.0	491.4	299.2	270.4	256.9	241.0	222.1	222.4	193.1	0.0	488.4	306.0	277.2	256.2	241.2	223.7	211.1	185.0	0.0	489.8	297.8	263.7	244.7	251.8	236.7	219.8	191.3	0.0	513.1	307.0	271.8	302.1	282.7	266.0	248.3	209.9	0.0	559.2	345.3	339.1	308.8	289.4	272.6	251.6	216.7	0.0	533.1	502.0	300.6	270.3	256.2	243.2	224.9	187.1	0.0	
0.0	514.3	317.9	285.9	271.1	257.7	234.2	204.6	195.5	0.0	492.2	301.0	269.5	257.6	242.3	223.4	223.5	193.2	0.0	490.4	309.0	277.5	257.6	242.2	223.9	210.9	183.7	0.0	488.5	297.8	264.0	242.7	253.3	238.8	220.8	193.8	0.0	517.4	309.4	274.0	299.9	281.3	263.6	245.2	207.7	0.0	556.8	343.4	338.9	308.2	289.6	271.7	249.9	215.1	0.0	531.0	504.2	301.8	273.5	257.8	244.3	227.1	187.9	0.0	
0.0	517.0	318.5	287.4	272.8	260.2	234.0	206.6	193.9	0.0	490.2	297.8	268.7	255.5	241.2	221.4	223.3	192.7	0.0	488.9	308.6	276.0	258.9	241.3	222.3	208.5	180.7	0.0	485.1	296.0	261.9	240.7	251.6	238.2	221.2	194.4	0.0	514.7	309.3	272.5	301.1	281.1	264.7	244.0	209.0	0.0	557.1	344.8	339.4	308.6	288.6	272.6	249.3	215.7	0.0	531.7	505.5	304.5	275.3	259.3	245.5	228.1	187.9	0.0	
0.0	512.2	315.3	284.9	271.5	258.2	233.7	204.4	196.2	0.0	491.0	297.4	270.8	258.2	240.5	222.8	221.7	191.0	0.0	487.6	307.0	275.9	257.2	239.3	222.6	207.9	180.7	0.0	485.2	295.2	261.7	240.4	251.0	238.3	220.2	192.5	0.0	514.8	308.2	271.9	300.9	280.8	263.8	242.8	207.5	0.0	555.8	342.0	341.6	309.5	289.9	273.1	250.7	216.6	0.0	534.2	509.0	306.8	276.0	261.8	246.3	228.3	190.3	0.0	
0.0	514.6	317.3	285.3	273.0	261.0	233.5	204.3	196.8	0.0	495.7	300.3	274.5	259.9	243.8	225.4	220.6	190.3	0.0	485.8	305.9	275.4	256.1	238.4	223.8	208.7	181.6	0.0	488.2	296.5	262.5	241.8	253.2	239.8	222.9	193.7	0.0	522.3	311.6	276.2	302.5	282.0	263.1	242.3	208.9	0.0	556.9	342.8	340.1	309.5	288.1	271.8	250.2	217.0	0.0	533.2	506.8	305.4	275.5	261.1	245.0	228.5	191.0	0.0	
0.0	513.9	316.1	283.8	271.3	258.8	232.8	203.1	195.9	0.0	493.7	301.7	275.4	260.7	244.4	223.5	222.4	192.3	0.0	489.2	308.2	276.5	259.1	240.6	223.4	209.0	181.3	0.0	487.6	294.7	262.2	242.4	251.1	239.1	222.4	193.3	0.0	521.0	310.1	272.8	300.6	280.1	261.0	239.7	206.7	0.0	551.3	342.0	338.8	307.2	286.5	269.8	249.4	215.2	0.0	532.1	511.4	309.2	277.8	261.3	247.1	229.9	192.1	0.0	
0.0	512.9	315.2	282.2	232.1	257.0	231.7	202.6	195.5	0.0	495.7	302.3	274.8	261.9	243.8	223.0	221.7	191.4	0.0	487.7	306.3	276.3	259.2	240.2	222.3	208.1	180.2	0.0	486.1	294.5	261.9	241.0	252.9	239.4	223.0	194.3	0.0	524.1	308.8	273.6	300.8	280.4	259.3	240.0	205.8	0.0	552.4	341.3	338.4	307.2	285.6	269.2	250.0	215.1	0.0	532.7	507.4	307.4	274.6	259.0	245.8	226.4	191.7	0.0	
0.0	518.1	318.1	282.8	242.5	259.0	233.5	203.3	197.0	0.0	500.1	304.5	275.5	262.7	245.8	225.6	219.2	189.2	0.0	485.2	304.8	273.0	257.8	238.2	222.6	209.9	181.5	0.0	489.1	297.7	262.4	243.0	251.2	237.6	222.4	193.3	0.0	521.7	307.5	273.4	299.4	280.2	258.8	239.9	205.7	0.0	551.9	341.2	337.7	306.7	285.5	268.6	247.9	214.7	0.0	529.7	502.7	304.8	271.9	256.1	244.0	224.3	189.2	0.0	
0.0	516.9	315.3	283.7	247.1	258.1	232.8	202.9	196.2	0.0	500.4	303.1	276.4	262.4	244.9	226.3	217.3	186.2	0.0	482.5	302.0	271.0	255.8	236.7	224.9	212.6	182.3	0.0	492.6	300.2	265.3	244.6	251.0	237.2	222.6	193.8	0.0	523.9	307.9	274.0	300.4	281.7	261.2	240.6	205.6	0.0	554.1	342.9	335.9	305.7	286.2	268.5	247.5	214.3	0.0	526.7	500.0	303.1	269.4	255.3	243.2	222.4	187.2	0.0	
0.0	516.7	317.9	284.7	254.0	258.5	232.9	205.0	198.0	0.0	502.1	305.9	278.6	264.2	244.7	227.7	216.2	186.6	0.0	476.8	299.6	270.6	253.4	235.6	221.8	210.6	180.2	0.0	489.1	298.1	261.7	242.0	246.9	232.2	218.5	190.5	0.0	517.5	303.7	270.1	303.2	282.5	260.9	240.8	206.8	0.0	556.8	343.1	333.5	303.8	285.0	266.9	245.5	211.3	0.0	523.7	500.4	302.1	270.8	256.1	242.6	222.9	186.5	0.0	
0.0	516.4	317.6	285.4	259.1	259.3	233.8	205.0	195.9	0.0	501.5	304.1	277.9	262.7	244.1	226.9	216.1	186.9	0.0	475.9	299.5	271.4	252.1	234.2	222.2	210.1	180.6	0.0	488.1	297.7	261.8	241.2	246.4	233.2	217.8	190.7	0.0	517.0	305.3	271.4	302.7	280.5	260.0	241.0	207.3	0.0	555.4	341.8	336.0	305.8	286.2	267.3	247.6	212.6	0.0	525.1	500.4	300.3	272.5	257.0	243.2	224.1	186.8	0.0	
0.0	515.6	318.2	286.7	261.3	258.3	233.5	206.9	195.3	0.0	501.6	304.5	278.3	263.0	244.7	225.6	216.5	187.3	0.0	479.2	299.8	275.3	252.5	235.0	221.7	207.4	177.8	0.0	486.4	294.3	259.8	239.1	246.8	233.2	216.8	190.1	0.0	515.6	304.8	269.6	302.1	279.2	259.8	239.6	206.9	0.0	553.5	340.3	334.1	305.7	286.0	266.8	248.6	212.6	0.0	524.8	500.6	301.4	273.1	256.4	243.8	223.8	187.8	0.0	
0.0	513.3	316.5	285.3	272.8	254.4	237.6	200.2	194.1	0.0	495.3	302.5	273.3	261.0	246.6	222.9	218.8	193.8	0.0	490.7	306.2	281.7	261.6	245.9	222.3	206.8	180.4	0.0	487.6	295.0	262.0	247.6	249.9	236.4	217.8	192.3	0.0	513.0	304.4	273.8	293.8	271.9	251.6	237.8	208.7	0.0	540.8	331.9	329.6	297.3	272.7	257.8	242.0	211.5	0.0	527.2	500.5	304.9	275.3	255.3	240.4	221.8	185.2	0.0	
0.0	513.0	316.4	284.9	273.3	254.2	236.7	200.5	194.1	0.0	496.5	301.2	273.6	263.0	247.7	222.8	218.6	191.2	0.0	488.1	304.8	278.6	259.5	243.8	220.6	207.3	178.7	0.0	484.1	292.7	259.6	244.9	248.1	234.1	217.1	190.0	0.0	510.1	302.6	270.4	294.1	272.6	252.6	239.2	209.3	0.0	543.2	332.2	329.3	296.6	272.5	257.6	242.5	211.8	0.0	528.5	502.0	306.9	278.3	257.3	243.4	223.6	186.8	0.0	
0.0	510.1	314.3	284.3	272.8	254.5	236.3	199.5	194.8	0.0	495.7	300.8	275.2	263.2	249.0	222.9	220.8	193.1	0.0	489.1	306.2	280.4	262.2	244.4	219.8	207.7	179.2	0.0	480.8	292.8	258.7	243.4	248.1	232.2	216.2	190.4	0.0	510.1	300.3	270.1	295.0	272.9	254.2	239.9	210.0	0.0	542.9	332.1	328.3	293.7	272.1	255.9	239.2	209.6	0.0	526.5	504.2	307.4	278.4	256.0	243.3	223.4	185.0	0.0	
0.0	511.4	315.4	284.1	270.9	254.2	235.3	200.6	195.5	0.0	495.0	301.7	275.6	263.6	248.9	221.8	221.7	192.6	0.0	487.6	306.5	279.4	260.8	244.0	218.4	206.9	177.7	0.0	478.3	288.7	258.1	242.2	247.4	231.7	216.5	189.9	0.0	509.6	298.9	270.3	295.4	274.7	256.6	241.3	212.6	0.0	544.7	334.1	323.9	289.3	268.8	252.4	235.8	205.6	0.0	518.7	508.1	309.7	279.6	255.9	244.0	226.3	186.9	0.0	
0.0	515.3	316.3	284.5	271.6	255.6	236.7	201.7	194.4	0.0	494.2	302.9	276.0	262.3	249.3	223.2	224.0	194.9	0.0	493.3	312.4	282.7	263.8	248.6	221.0	208.9	179.4	0.0	482.0	292.2	260.3	243.2	249.4	234.5	217.9	189.8	0.0	511.9	301.6	273.0	294.1	272.9	255.8	238.5	211.0	0.0	543.4	334.2	325.1	291.9	270.5	254.8	236.0	206.3	0.0	520.9	506.7	308.4	277.3	254.9	243.0	224.4	186.4	0.0	
0.0	514.3	314.4	285.2	271.4	254.8	236.5	201.1	193.6	0.0	492.6	301.6	275.1	260.4	248.5	222.8	225.2	196.6	0.0	496.3	314.3	284.2	265.4	250.1	222.1	210.5	179.3	0.0	484.0	292.8	260.8	244.5	251.5	237.0	220.2	190.7	0.0	511.9	303.4	273.8	292.8	272.1	256.4	238.2	209.7	0.0	543.5	333.6	326.5	292.3	270.0	253.0	237.4	207.3	0.0	519.3	506.6	310.1	276.9	255.3	243.9	224.1	186.3	0.0	
0.0	515.2	316.6	286.5	271.5	256.4	236.5	201.5	195.1	0.0	496.7	303.9	278.4	261.9	251.3	225.4	223.9	195.0	0.0	493.8	311.7	281.1	262.3	249.9	223.0	210.1	180.6	0.0	486.9	293.3	261.6	245.8	252.5	239.2	222.2	193.1	0.0	516.4	306.2	276.8	294.2	272.0	258.2	239.9	208.6	0.0	544.6	334.2	331.3	296.5	272.4	256.8	242.0	209.6	0.0	524.4	508.5	310.7	279.0	256.7	244.3	224.2	188.0	0.0	
0.0	513.6	316.0	285.4	269.1	255.0	236.1	199.3	193.9	0.0	497.3	303.9	276.6	261.9	251.2	225.3	225.1	196.1	0.0	494.0	311.1	280.6	262.9	250.4	223.9	211.0	180.0	0.0	485.6	292.1	263.4	245.9	254.1	238.2	221.9	193.9	0.0	517.8	306.5	278.0	295.1	272.9	260.8	241.6	210.2	0.0	545.4	335.6	330.4	295.8	271.3	256.1	241.0	209.0	0.0	523.1	508.5	310.6	279.2	258.4	245.7	224.8	189.2	0.0	
0.0	512.0	313.6	284.6	268.7	254.6	233.0	197.1	195.1	0.0	498.6	303.8	278.1	264.0	250.7	224.9	224.3	196.1	0.0	491.8	310.0	279.8	263.5	249.6	224.5	212.5	181.1	0.0	487.8	294.0	265.4	245.6	253.4	237.8	221.3	192.5	0.0	515.7	304.7	276.0	295.7	273.3	260.5	240.8	210.2	0.0	546.5	336.3	330.7	294.0	270.9	255.0	239.3	207.6	0.0	521.6	507.6	311.1	278.1	257.3	244.4	224.1	187.6	0.0	
0.0	509.5	313.1	281.4	266.5	254.9	232.0	195.4	194.2	0.0	499.7	304.8	277.4	262.2	250.9	227.0	223.2	194.2	0.0	490.7	307.3	277.9	261.9	247.6	222.4	210.8	179.9	0.0	485.9	293.1	264.0	243.3	254.0	237.8	222.6	192.7	0.0	518.3	307.1	276.1	295.5	273.0	260.7	240.3	208.7	0.0	545.5	334.6	330.6	293.8	270.5	254.4	239.5	207.6	0.0	520.9	508.2	310.9	279.3	257.6	244.6	224.5	188.7	0.0	
0.0	509.5	313.1	282.7	266.8	255.8	232.4	197.6	193.7	0.0	498.9	303.9	276.5	261.0	250.3	226.7	224.7	196.5	0.0	495.1	310.5	280.8	265.5	248.8	224.4	211.1	181.0	0.0	489.6	295.4	266.7	244.7	251.9	235.8	220.7	191.2	0.0	510.8	302.2	273.0	295.0	275.1	261.0	241.8	210.6	0.0	544.8	334.8	333.3	295.3	272.4	256.4	241.7	208.4	0.0	523.7	513.6	314.1	281.1	260.2	246.8	226.8	190.3	0.0	
0.0	514.4	315.7	283.3	267.7	257.2	234.5	197.4	190.1	0.0	493.7	299.9	272.8	257.4	247.4	224.2	223.9	195.6	0.0	494.9	309.3	281.1	264.6	247.6	222.9	209.0	179.7	0.0	485.1	292.6	263.2	242.2	252.2	235.7	221.8	192.5	0.0	512.4	303.6	273.1	293.3	273.8	258.5	240.6	210.6	0.0	543.6	334.3	333.3	294.1	273.4	256.4	240.1	206.6	0.0	523.5	513.4	312.9	280.4	260.2	246.4	226.1	189.8	0.0	
0.0	517.7	317.9	285.9	269.6	257.4	235.6	200.1	192.3	0.0	495.4	302.3	274.3	260.1	247.5	224.3	220.5	191.2	0.0	491.3	303.9	278.4	261.5	244.8	222.9	210.3	179.5	0.0	485.2	294.3	265.2	241.9	252.9	237.3	223.6	194.9	0.0	512.4	304.1	274.3	293.2	273.3	257.1	239.6	208.1	0.0	542.5	333.3	335.2	296.0	275.2	259.7	243.7	208.1	0.0	529.2	515.5	315.6	282.3	262.9	247.0	228.0	192.6	0.0	
0.0	519.1	317.5	285.4	270.5	257.3	235.1	201.7	192.0	0.0	495.2	300.3	274.1	260.4	245.6	224.4	220.0	190.1	0.0	491.1	304.0	277.0	259.4	241.7	224.3	209.4	180.6	0.0	484.5	293.3	264.6	242.0	255.1	239.0	225.7	196.9	0.0	516.0	306.7	276.7	291.3	271.8	256.2	238.9	207.9	0.0	539.4	331.4	331.6	294.6	273.3	256.9	239.9	206.8	0.0	525.2	510.5	311.6	278.2	259.4	243.8	224.2	189.9	0.0	
0.0	516.9	315.9	285.7	269.9	255.9	233.8	201.5	193.6	0.0	499.1	303.5	277.8	261.8	246.6	226.3	220.7	189.5	0.0	491.8	305.0	276.9	259.1	241.9	224.2	209.1	183.1	0.0	486.8	294.0	265.4	243.7	253.2	239.3	224.7	196.4	0.0	515.2	305.7	275.7	293.0	270.3	257.2	239.1	210.5	0.0	541.2	332.6	333.3	296.5	274.1	258.7	240.8	210.7	0.0	526.1	510.8	312.6	278.5	261.7	245.5	224.9	190.2	0.0	
0.0	512.0	316.1	285.8	264.4	248.4	229.4	199.2	194.7	0.0	503.2	305.0	278.1	262.8	242.6	226.9	218.6	191.6	0.0	488.6	308.9	279.4	259.3	243.6	220.9	207.1	180.8	0.0	488.9	296.9	264.1	246.5	255.8	236.3	221.0	192.8	0.0	514.1	303.1	279.0	295.5	278.0	256.1	237.8	208.2	0.0	539.2	326.0	319.9	292.1	271.2	253.3	235.9	209.8	0.0	512.7	505.9	307.0	272.5	253.5	234.6	221.7	190.9	0.0	
0.0	510.6	314.9	284.2	262.0	248.4	226.9	199.6	194.7	0.0	500.6	304.8	277.4	262.2	242.7	227.3	218.7	190.9	0.0	488.4	308.4	279.3	257.6	243.3	221.3	206.6	179.1	0.0	486.2	294.9	261.9	244.9	251.7	233.7	218.3	190.6	0.0	509.9	301.4	274.4	296.5	276.8	256.0	236.9	210.7	0.0	538.5	326.9	324.2	294.8	272.8	255.4	239.5	211.8	0.0	516.0	505.8	307.0	271.9	252.0	234.6	220.8	189.6	0.0	
0.0	510.9	316.2	285.9	262.8	249.3	227.2	199.8	195.3	0.0	498.3	303.0	276.1	259.9	240.9	224.9	218.8	189.3	0.0	489.4	309.5	281.3	257.5	242.8	221.2	207.8	179.0	0.0	486.1	293.5	263.4	246.3	252.4	234.9	219.5	193.2	0.0	510.8	301.9	276.7	297.3	277.1	258.2	238.8	209.5	0.0	539.5	327.6	322.6	294.2	271.2	254.1	237.9	209.7	0.0	513.8	505.3	306.4	271.2	251.1	235.6	221.0	189.7	0.0	
0.0	511.1	316.6	284.8	263.4	249.7	227.2	200.2	193.8	0.0	500.5	305.4	277.0	260.8	242.5	225.4	221.0	190.4	0.0	488.6	309.4	282.9	258.8	245.2	223.1	209.0	177.9	0.0	484.0	293.2	261.8	246.9	251.0	234.0	218.2	190.6	0.0	508.6	301.8	275.7	295.7	275.8	257.6	238.6	207.6	0.0	539.4	326.2	321.8	294.3	271.0	252.5	238.8	209.0	0.0	513.7	508.2	307.3	273.2	253.2	237.0	222.5	191.2	0.0	
0.0	515.3	319.4	287.3	266.4	251.0	228.9	200.8	194.8	0.0	501.5	307.1	277.6	263.4	243.6	226.4	220.9	189.6	0.0	489.8	310.4	283.6	260.5	245.1	223.2	207.0	175.9	0.0	482.7	293.3	259.6	246.0	251.4	232.9	218.1	189.0	0.0	511.5	304.3	275.5	296.5	276.9	260.1	239.0	208.8	0.0	540.3	326.5	321.9	294.2	270.2	251.7	237.6	209.1	0.0	512.7	507.8	306.2	273.5	253.6	237.0	222.2	191.5	0.0	
0.0	514.0	317.9	287.2	267.2	251.1	229.0	203.1	194.8	0.0	498.9	307.2	278.0	262.2	243.2	226.8	222.1	191.7	0.0	492.5	311.9	285.6	262.5	248.1	221.1	206.0	173.8	0.0	481.0	293.5	258.6	244.7	252.5	233.5	216.5	189.2	0.0	513.3	304.8	273.9	295.7	275.7	257.4	239.1	208.1	0.0	538.3	325.2	324.4	296.4	272.3	253.9	239.1	211.7	0.0	515.4	509.2	305.5	276.0	253.9	238.0	222.1	191.0	0.0	
0.0	514.9	318.6	287.8	267.8	251.4	230.5	202.3	196.3	0.0	500.4	307.4	280.4	263.1	244.7	228.5	223.7	191.9	0.0	493.5	313.4	286.3	262.3	248.4	222.0	207.0	174.6	0.0	484.9	294.5	258.7	246.4	255.9	235.8	220.0	188.6	0.0	516.8	307.0	275.0	295.0	275.6	255.7	238.1	209.8	0.0	537.4	324.3	324.0	297.0	272.6	254.6	237.8	211.1	0.0	515.1	511.0	308.2	276.6	254.7	237.8	222.2	190.0	0.0	
0.0	511.3	316.0	286.0	267.1	248.7	230.7	201.5	195.7	0.0	500.1	306.1	279.9	262.4	243.6	227.1	226.0	194.4	0.0	495.4	315.0	288.9	263.3	249.9	222.0	208.1	176.4	0.0	487.8	295.8	260.2	248.0	258.1	236.9	223.6	193.0	0.0	519.9	309.3	276.1	298.9	277.5	257.7	241.2	212.9	0.0	540.0	326.8	321.7	295.5	272.6	254.0	237.1	210.9	0.0	513.4	504.9	304.0	271.9	252.7	235.2	217.9	187.2	0.0	
0.0	514.6	315.6	286.9	267.4	248.0	231.8	201.9	197.2	0.0	502.0	310.0	280.7	263.9	246.1	228.9	227.3	196.9	0.0	496.1	316.5	289.7	265.1	249.4	223.6	209.1	177.5	0.0	488.5	295.6	259.9	248.1	259.4	238.3	224.5	194.6	0.0	520.8	309.7	276.6	300.8	279.4	260.7	242.9	214.1	0.0	543.8	331.2	322.8	294.4	273.4	254.8	237.9	210.5	0.0	512.9	505.5	304.6	272.9	253.3	237.3	219.2	189.7	0.0	
0.0	512.7	314.4	285.7	268.3	248.3	231.2	199.5	195.5	0.0	497.1	304.8	278.1	261.2	243.2	225.5	225.1	196.6	0.0	498.1	316.0	288.8	264.3	248.4	225.4	209.5	179.5	0.0	490.8	297.9	262.8	248.4	258.4	239.6	224.8	192.9	0.0	519.8	309.3	277.4	302.1	280.6	263.7	244.0	215.2	0.0	546.2	332.8	319.8	293.5	270.7	253.9	236.1	209.8	0.0	511.1	507.1	306.3	273.0	253.7	240.1	222.1	190.5	0.0	
0.0	514.3	314.3	286.7	268.0	249.5	230.5	200.3	195.1	0.0	498.8	305.5	278.4	262.0	243.1	224.4	223.3	193.0	0.0	497.6	316.1	288.0	262.1	247.3	224.6	208.9	178.9	0.0	489.7	296.4	262.5	248.7	257.0	238.6	223.1	192.3	0.0	516.7	307.9	277.2	301.6	281.8	264.3	242.6	214.0	0.0	545.1	332.5	321.1	293.9	270.9	255.1	236.2	209.8	0.0	512.7	503.6	304.3	273.1	252.9	238.6	219.9	190.1	0.0	
0.0	515.6	314.8	285.6	269.4	249.4	231.2	200.9	194.6	0.0	497.8	303.3	278.4	262.4	242.7	222.6	224.2	192.8	0.0	496.1	314.0	287.1	260.7	246.6	225.9	210.0	179.7	0.0	490.9	295.9	263.7	249.6	255.5	238.4	220.3	192.4	0.0	514.4	306.3	276.2	300.6	280.3	265.0	241.0	213.6	0.0	548.1	332.7	319.6	292.0	270.6	254.4	235.3	209.1	0.0	511.5	504.9	305.2	273.5	252.4	239.4	220.5	189.8	0.0	
0.0	515.4	314.6	285.4	269.4	249.8	230.5	201.5	194.0	0.0	497.4	304.0	276.6	260.8	241.9	223.2	225.7	194.4	0.0	499.5	315.8	288.6	263.6	247.3	228.5	210.2	180.1	0.0	491.8	294.7	266.1	250.7	255.3	238.8	220.8	193.4	0.0	516.1	307.0	277.9	299.3	279.2	264.8	241.2	213.0	0.0	546.0	331.3	321.0	292.0	272.9	254.4	237.0	210.4	0.0	515.0	506.9	306.4	274.5	252.9	239.5	219.7	191.6	0.0	
0.0	518.8	317.7	286.9	271.7	252.5	232.5	203.0	193.5	0.0	496.3	303.5	276.7	259.6	242.0	224.2	224.7	194.2	0.0	495.5	313.8	286.6	263.2	247.5	225.5	208.3	177.3	0.0	489.8	293.3	265.3	250.4	254.9	238.5	220.6	193.3	0.0	513.2	305.5	276.5	297.6	276.4	262.6	239.6	211.5	0.0	541.6	329.9	321.8	290.8	273.7	254.6	236.2	210.3	0.0	514.3	505.1	305.9	274.2	254.0	239.9	219.4	191.8	0.0	
0.0	515.5	315.4	285.0	269.7	250.8	231.5	201.5	193.2	0.0	495.3	302.7	276.1	259.8	242.0	224.0	222.7	191.7	0.0	491.9	310.8	282.8	261.3	246.0	226.1	208.5	176.7	0.0	490.4	295.5	264.8	250.4	255.2	237.9	220.0	194.5	0.0	514.9	305.9	278.1	295.3	274.1	260.8	237.8	208.7	0.0	537.4	327.3	322.0	290.6	272.7	254.7	236.3	211.1	0.0	515.1	503.7	303.5	272.3	252.1	238.6	217.9	187.9	0.0	
